image_width: 1280
image_height: 960
camera_name: narrow_stereo/right
camera_matrix:
  rows: 3
  cols: 3
  data: [845.176324, 0.000000, 702.610794, 0.000000, 844.569884, 528.074476, 0.000000, 0.000000, 1.000000]
distortion_model: plumb_bob
distortion_coefficients:
  rows: 1
  cols: 5
  data: [-0.395491, 0.145528, -0.001132, 0.002932, 0.000000]
rectification_matrix:
  rows: 3
  cols: 3
  data: [0.998315, 0.000810, 0.058024, -0.000908, 0.999998, 0.001657, -0.058022, -0.001707, 0.998314]
projection_matrix:
  rows: 3
  cols: 4
  data: [739.939576, 0.000000, 601.913048, -30.651835, 0.000000, 739.939576, 528.971024, 0.000000, 0.000000, 0.000000, 1.000000, 0.000000]
