image_width: 1280
image_height: 960
camera_name: narrow_stereo/right
camera_matrix:
  rows: 3
  cols: 3
  data: [854.372374, 0.000000, 664.618616, 0.000000, 851.806589, 536.290096, 0.000000, 0.000000, 1.000000]
distortion_model: plumb_bob
distortion_coefficients:
  rows: 1
  cols: 5
  data: [-0.367759, 0.102108, -0.002341, 0.001871, 0.000000]
rectification_matrix:
  rows: 3
  cols: 3
  data: [0.982760, -0.028489, -0.182675, 0.028044, 0.999594, -0.005020, 0.182744, -0.000189, 0.983160]
projection_matrix:
  rows: 3
  cols: 4
  data: [740.299771, 0.000000, 1028.710297, -30.256813, 0.000000, 740.299771, 561.312531, 0.000000, 0.000000, 0.000000, 1.000000, 0.000000]
