image_width: 1280
image_height: 960
camera_name: narrow_stereo/left
camera_matrix:
  rows: 3
  cols: 3
  data: [840.200226, 0.000000, 671.878771, 0.000000, 836.620552, 534.859337, 0.000000, 0.000000, 1.000000]
distortion_model: plumb_bob
distortion_coefficients:
  rows: 1
  cols: 5
  data: [-0.366603, 0.102465, -0.000748, 0.001876, 0.000000]
rectification_matrix:
  rows: 3
  cols: 3
  data: [0.987529, -0.027416, -0.155033, 0.027793, 0.999614, 0.000266, 0.154966, -0.004571, 0.987909]
projection_matrix:
  rows: 3
  cols: 4
  data: [740.299771, 0.000000, 1028.710297, 0.000000, 0.000000, 740.299771, 561.312531, 0.000000, 0.000000, 0.000000, 1.000000, 0.000000]
